    degree      sine    cosine   tangent
========================================
         0    0.0000    1.0000    0.0000
         1    0.3090    0.9511    0.3249
         2    0.5878    0.8090    0.7265
         3    0.8090    0.5878    1.3764
         4    0.9511    0.3090    3.0777
         5    1.0000   -0.0000-22877332.4289
         6    0.9511   -0.3090   -3.0777
         7    0.8090   -0.5878   -1.3764
         8    0.5878   -0.8090   -0.7265
         9    0.3090   -0.9511   -0.3249
        10   -0.0000   -1.0000    0.0000
        11   -0.3090   -0.9511    0.3249
        12   -0.5878   -0.8090    0.7265
        13   -0.8090   -0.5878    1.3764
        14   -0.9511   -0.3090    3.0777
        15   -1.0000    0.0000-83858283.0067
        16   -0.9511    0.3090   -3.0777
        17   -0.8090    0.5878   -1.3764
        18   -0.5878    0.8090   -0.7265
        19   -0.3090    0.9511   -0.3249
        20    0.0000    1.0000    0.0000
    degree      sine    cosine   tangent
========================================
         0    0.0000    1.0000    0.0000
         1    0.3090    0.9511    0.3249
         2    0.5878    0.8090    0.7265
         3    0.8090    0.5878    1.3764
         4    0.9511    0.3090    3.0777
         5    1.0000   -0.0000-22877332.4289
         6    0.9511   -0.3090   -3.0777
         7    0.8090   -0.5878   -1.3764
         8    0.5878   -0.8090   -0.7265
         9    0.3090   -0.9511   -0.3249
        10   -0.0000   -1.0000    0.0000
        11   -0.3090   -0.9511    0.3249
        12   -0.5878   -0.8090    0.7265
        13   -0.8090   -0.5878    1.3764
        14   -0.9511   -0.3090    3.0777
        15   -1.0000    0.0000-83858283.0067
        16   -0.9511    0.3090   -3.0777
        17   -0.8090    0.5878   -1.3764
        18   -0.5878    0.8090   -0.7265
        19   -0.3090    0.9511   -0.3249
        20    0.0000    1.0000    0.0000
    degree      sine    cosine   tangent
========================================
         0    0.0000    1.0000    0.0000
         1    0.3090    0.9511    0.3249
         2    0.5878    0.8090    0.7265
         3    0.8090    0.5878    1.3764
         4    0.9511    0.3090    3.0777
         5    1.0000   -0.0000-22877332.4289
         6    0.9511   -0.3090   -3.0777
         7    0.8090   -0.5878   -1.3764
         8    0.5878   -0.8090   -0.7265
         9    0.3090   -0.9511   -0.3249
        10   -0.0000   -1.0000    0.0000
        11   -0.3090   -0.9511    0.3249
        12   -0.5878   -0.8090    0.7265
        13   -0.8090   -0.5878    1.3764
        14   -0.9511   -0.3090    3.0777
        15   -1.0000    0.0000-83858283.0067
        16   -0.9511    0.3090   -3.0777
        17   -0.8090    0.5878   -1.3764
        18   -0.5878    0.8090   -0.7265
        19   -0.3090    0.9511   -0.3249
        20    0.0000    1.0000    0.0000
    degree      sine    cosine   tangent
========================================
         0    0.0000    1.0000    0.0000
         1    0.3090    0.9511    0.3249
         2    0.5878    0.8090    0.7265
         3    0.8090    0.5878    1.3764
         4    0.9511    0.3090    3.0777
         5    1.0000   -0.0000-22877332.4289
         6    0.9511   -0.3090   -3.0777
         7    0.8090   -0.5878   -1.3764
         8    0.5878   -0.8090   -0.7265
         9    0.3090   -0.9511   -0.3249
        10   -0.0000   -1.0000    0.0000
        11   -0.3090   -0.9511    0.3249
        12   -0.5878   -0.8090    0.7265
        13   -0.8090   -0.5878    1.3764
        14   -0.9511   -0.3090    3.0777
        15   -1.0000    0.0000-83858283.0067
        16   -0.9511    0.3090   -3.0777
        17   -0.8090    0.5878   -1.3764
        18   -0.5878    0.8090   -0.7265
        19   -0.3090    0.9511   -0.3249
        20    0.0000    1.0000    0.0000
    degree      sine    cosine   tangent
========================================
         0    0.0000    1.0000    0.0000
         1    0.3090    0.9511    0.3249
         2    0.5878    0.8090    0.7265
         3    0.8090    0.5878    1.3764
         4    0.9511    0.3090    3.0777
         5    1.0000   -0.0000-22877332.4289
         6    0.9511   -0.3090   -3.0777
         7    0.8090   -0.5878   -1.3764
         8    0.5878   -0.8090   -0.7265
         9    0.3090   -0.9511   -0.3249
        10   -0.0000   -1.0000    0.0000
        11   -0.3090   -0.9511    0.3249
        12   -0.5878   -0.8090    0.7265
        13   -0.8090   -0.5878    1.3764
        14   -0.9511   -0.3090    3.0777
        15   -1.0000    0.0000-83858283.0067
        16   -0.9511    0.3090   -3.0777
        17   -0.8090    0.5878   -1.3764
        18   -0.5878    0.8090   -0.7265
        19   -0.3090    0.9511   -0.3249
        20    0.0000    1.0000    0.0000
